60 83
0 3 4 6 7 8 8 10 13 15 16 16 17 18 20 20 20 20 20 20 22 22 22 25 26 27 30 31 31 32 32 33 35 39 39 41 43 46 48 51 53 56 57 57 61 61 63 65 66 69 70 72 73 74 77 78 81 83 83 83 83 
57 22 45 12 11 9 40 33 50 43 33 27 25 54 4 18 52 32 21 25 47 6 13 33 57 52 51 37 50 47 39 31 31 52 23 0 26 2 48 33 3 51 53 17 30 54 11 56 37 58 18 38 42 8 12 45 40 34 44 40 59 6 31 45 54 19 39 6 51 20 53 39 31 22 30 9 4 8 53 16 28 45 55 
76 97 96 3 62 33 72 78 50 8 30 68 93 81 50 66 46 39 81 64 43 7 53 89 84 51 55 5 58 27 30 68 64 3 14 59 55 18 87 61 4 53 63 95 34 19 5 60 52 43 39 92 12 27 87 23 12 96 49 69 29 89 100 35 86 53 86 57 34 71 89 90 21 32 96 23 20 51 73 83 7 60 12 
21
50 58
26 12
47 53
50 49
4 29
14 51
16 48
43 52
31 51
37 9
9 3
8 49
46 17
33 46
39 6
37 44
28 18
5 32
3 32
16 33
52 7
